7.132421875000000000e+01
1.252460937500000000e+02
7.132421875000000000e+01
1.416523437500000000e+02
7.324609375000000000e+01
1.594257812500000000e+02
7.708984375000000000e+01
1.785664062500000000e+02
8.381640625000000000e+01
1.949726562500000000e+02
9.246484375000000000e+01
2.072773437500000000e+02
1.039960937500000000e+02
2.168476562500000000e+02
1.184101562500000000e+02
2.195820312500000000e+02
1.318632812500000000e+02
2.195820312500000000e+02
1.472382812500000000e+02
2.195820312500000000e+02
1.597304687500000000e+02
2.141132812500000000e+02
1.703007812500000000e+02
2.045429687500000000e+02
1.799101562500000000e+02
1.908710937500000000e+02
1.866367187500000000e+02
1.744648437500000000e+02
1.866367187500000000e+02
1.539570312500000000e+02
1.866367187500000000e+02
1.375507812500000000e+02
1.875976562500000000e+02
1.170429687500000000e+02
7.324609375000000000e+01
1.115742187500000000e+02
8.189453125000000000e+01
1.047382812500000000e+02
9.198437500000000000e+01
1.061054687500000000e+02
1.044765625000000000e+02
1.095234375000000000e+02
1.145664062500000000e+02
1.122578125000000000e+02
1.385898437500000000e+02
1.102070312500000000e+02
1.486796875000000000e+02
1.067890625000000000e+02
1.611718750000000000e+02
1.026875000000000000e+02
1.707812500000000000e+02
1.006367187500000000e+02
1.808710937500000000e+02
1.033710937500000000e+02
1.270585937500000000e+02
1.225117187500000000e+02
1.280195312500000000e+02
1.348164062500000000e+02
1.289804687500000000e+02
1.484882812500000000e+02
1.299414062500000000e+02
1.607929687500000000e+02
1.174492187500000000e+02
1.676289062500000000e+02
1.241757812500000000e+02
1.689960937500000000e+02
1.299414062500000000e+02
1.703632812500000000e+02
1.366679687500000000e+02
1.676289062500000000e+02
1.424335937500000000e+02
1.635273437500000000e+02
8.285546875000000000e+01
1.252460937500000000e+02
8.862109375000000000e+01
1.197773437500000000e+02
1.059179687500000000e+02
1.197773437500000000e+02
1.126445312500000000e+02
1.252460937500000000e+02
1.049570312500000000e+02
1.279804687500000000e+02
8.862109375000000000e+01
1.293476562500000000e+02
1.433945312500000000e+02
1.225117187500000000e+02
1.501210937500000000e+02
1.156757812500000000e+02
1.674179687500000000e+02
1.156757812500000000e+02
1.722226562500000000e+02
1.211445312500000000e+02
1.674179687500000000e+02
1.252460937500000000e+02
1.520429687500000000e+02
1.252460937500000000e+02
1.049570312500000000e+02
1.854023437500000000e+02
1.155273437500000000e+02
1.826679687500000000e+02
1.270585937500000000e+02
1.799335937500000000e+02
1.309023437500000000e+02
1.799335937500000000e+02
1.347460937500000000e+02
1.799335937500000000e+02
1.453164062500000000e+02
1.799335937500000000e+02
1.558867187500000000e+02
1.840351562500000000e+02
1.481992187500000000e+02
1.922382812500000000e+02
1.405117187500000000e+02
1.977070312500000000e+02
1.309023437500000000e+02
2.004414062500000000e+02
1.212929687500000000e+02
1.990742187500000000e+02
1.136054687500000000e+02
1.936054687500000000e+02
1.068789062500000000e+02
1.867695312500000000e+02
1.184101562500000000e+02
1.881367187500000000e+02
1.309023437500000000e+02
1.867695312500000000e+02
1.424335937500000000e+02
1.854023437500000000e+02
1.549257812500000000e+02
1.840351562500000000e+02
1.424335937500000000e+02
1.867695312500000000e+02
1.309023437500000000e+02
1.867695312500000000e+02
1.184101562500000000e+02
1.881367187500000000e+02
