0.86563  	0.30817  	-0.5573  	-0.2630  	0.07377  	-0.3653  	-0.2380  	0.41354  	0.41689  	-0.5373  	-0.0168  	0.54800  	0.09778  	-0.6145  	-1.0442  	-0.0364  	0.56874  	0.11082  	1.24964  	-0.3087  	0.24283  	1.51983  	0.60788  	-0.1004  	0.05861  	0.26692  	0.37507  	-0.4367  	-1.0712  	0.19311  	0.17853  	0.28196  	0.08163  	-0.1814  	0.38036  	0.08286  	0.65463  	0.29138  	-0.5846  	-0.0491  	0.25633  	0.01028  	0.01872  	0.36845  	-0.0607  	-0.0456  	-0.0809  	0.18376  	0.14372  	-0.1766  	-0.1038  	-0.0585  	0.00118  	0.00220  	-0.0729  	0.05850  	-0.0370  	0.00966  	0.01324  	-0.0406  	-0.0359  	0.04901  	0.03542  	0.01316  	0.16282  	-0.0144  	0.04616  	0.00954  	0.00458  	0.65760  	
0.81626  	0.31144  	-0.6009  	-0.2730  	0.05940  	-0.4018  	-0.2602  	0.39525  	0.40306  	-0.5534  	0.00131  	0.52269  	0.08257  	-0.6225  	-1.0166  	-0.0516  	0.57323  	0.10402  	1.24045  	-0.3258  	0.26594  	1.53240  	0.61573  	-0.0852  	0.05532  	0.27039  	0.37217  	-0.4639  	-1.0935  	0.18834  	0.17941  	0.28910  	0.07260  	-0.1832  	0.39035  	0.06331  	0.67540  	0.29489  	-0.6029  	-0.0505  	0.26261  	0.00752  	0.00570  	0.36968  	-0.0623  	-0.0406  	-0.0813  	0.17457  	0.13617  	-0.1660  	-0.1031  	-0.0582  	0.00467  	0.00297  	-0.0757  	0.05847  	-0.0397  	0.01103  	0.01728  	-0.0421  	-0.0373  	0.05542  	0.03208  	0.00848  	0.16474  	-0.0117  	0.04777  	0.00858  	0.00517  	0.65361  	
0.82178  	0.30310  	-0.6219  	-0.2625  	0.07259  	-0.3933  	-0.2487  	0.38703  	0.40436  	-0.5525  	-0.0115  	0.50155  	0.08964  	-0.6278  	-1.0006  	-0.0643  	0.57786  	0.09927  	1.24664  	-0.3193  	0.25165  	1.53751  	0.61434  	-0.0822  	0.06333  	0.26540  	0.38305  	-0.4635  	-1.0890  	0.19376  	0.17634  	0.28651  	0.06662  	-0.1817  	0.39846  	0.06651  	0.66926  	0.29032  	-0.5983  	-0.0336  	0.25343  	0.00838  	0.00207  	0.36973  	-0.0614  	-0.0417  	-0.0832  	0.17541  	0.13511  	-0.1662  	-0.1000  	-0.0561  	0.00207  	0.00204  	-0.0751  	0.06060  	-0.0388  	0.01109  	0.01636  	-0.0442  	-0.0379  	0.05483  	0.03124  	0.00813  	0.16638  	-0.0096  	0.04911  	0.00767  	0.00560  	0.65054  	
0.91594  	0.31196  	-0.5625  	-0.1523  	0.15526  	-0.3062  	-0.2142  	0.39636  	0.37731  	-0.5783  	-0.1553  	0.48774  	0.14799  	-0.5247  	-0.9496  	-0.0402  	0.54941  	0.11405  	1.25655  	-0.3029  	0.18457  	1.56215  	0.54765  	-0.0967  	0.14902  	0.25317  	0.39199  	-0.4028  	-0.9928  	0.23669  	0.16413  	0.27314  	0.06754  	-0.1804  	0.39822  	0.10953  	0.59476  	0.24515  	-0.5609  	-0.0084  	0.23356  	0.02479  	0.00244  	0.37154  	-0.0608  	-0.0461  	-0.0863  	0.19522  	0.15208  	-0.1800  	-0.0935  	-0.0589  	0.00130  	-0.0027  	-0.0730  	0.06387  	-0.0354  	0.01051  	0.00872  	-0.0390  	-0.0394  	0.05035  	0.03758  	0.01071  	0.16774  	-0.0082  	0.05016  	0.00681  	0.00588  	0.64840  	
0.92462  	0.29526  	-0.5623  	-0.0977  	0.21929  	-0.3469  	-0.1934  	0.37855  	0.37258  	-0.5520  	-0.1722  	0.49953  	0.16009  	-0.5520  	-1.0230  	-0.0490  	0.49932  	0.17620  	1.23875  	-0.2259  	0.07614  	1.53927  	0.45659  	-0.1923  	0.15889  	0.26151  	0.30009  	-0.3087  	-0.8586  	0.26027  	0.16155  	0.25996  	0.09403  	-0.1716  	0.34538  	0.16829  	0.51679  	0.22528  	-0.4976  	0.01442  	0.25607  	0.02444  	0.00347  	0.37271  	-0.0511  	-0.0456  	-0.0840  	0.20475  	0.15837  	-0.1831  	-0.0838  	-0.0610  	0.00628  	-0.0058  	-0.0683  	0.06187  	-0.0293  	0.01159  	0.01381  	-0.0375  	-0.0430  	0.04211  	0.03414  	0.00819  	0.16883  	-0.0075  	0.05094  	0.00599  	0.00599  	0.64717  	
0.94429  	0.26673  	-0.5572  	-0.0508  	0.25002  	-0.2770  	-0.1964  	0.38984  	0.36442  	-0.5461  	-0.3241  	0.39610  	0.22173  	-0.4642  	-0.9938  	-0.1045  	0.51107  	0.17483  	1.21951  	-0.2716  	0.03977  	1.59390  	0.45140  	-0.1960  	0.21268  	0.24378  	0.34092  	-0.3323  	-0.8182  	0.30812  	0.16505  	0.26859  	0.06367  	-0.1618  	0.33096  	0.16356  	0.50234  	0.21262  	-0.4674  	0.02446  	0.25953  	0.03328  	0.00590  	0.37976  	-0.0581  	-0.0420  	-0.0926  	0.21867  	0.16506  	-0.1872  	-0.0882  	-0.0587  	0.00378  	-0.0095  	-0.0673  	0.06377  	-0.0338  	0.01191  	0.01229  	-0.0370  	-0.0398  	0.04830  	0.03013  	0.00896  	0.16964  	-0.0075  	0.05145  	0.00521  	0.00595  	0.64687  	
0.72278  	0.24471  	-0.7870  	-0.2368  	0.15568  	-0.5473  	-0.1723  	0.25264  	0.32232  	-0.4529  	-0.2722  	0.38147  	0.15594  	-0.5594  	-1.0166  	-0.2348  	0.52672  	0.19408  	1.22724  	-0.2317  	-0.0288  	1.51849  	0.40967  	-0.1894  	0.20328  	0.27626  	0.30223  	-0.3163  	-0.8189  	0.26626  	0.15126  	0.25758  	0.05803  	-0.1724  	0.31724  	0.19790  	0.45460  	0.21695  	-0.4931  	0.05878  	0.29980  	0.03663  	0.00657  	0.37261  	-0.0520  	-0.0369  	-0.0847  	0.20102  	0.15281  	-0.1786  	-0.1009  	-0.0555  	-0.0082  	-0.0015  	-0.0730  	0.05309  	-0.0399  	0.00865  	0.01825  	-0.0464  	-0.0437  	0.04194  	0.02225  	0.00225  	0.17017  	-0.0081  	0.05168  	0.00448  	0.00576  	0.64749  	
0.35556  	0.12101  	-0.9100  	-0.3916  	0.13100  	-0.6957  	-0.2240  	0.09431  	0.24683  	-0.3862  	-0.1541  	0.44861  	0.03608  	-1.0093  	-1.3006  	-0.1614  	0.51272  	0.23981  	1.25245  	-0.1526  	-0.2239  	1.52609  	0.43446  	-0.2346  	0.17741  	0.27608  	0.15899  	-0.0504  	-0.6662  	0.25817  	0.17305  	0.24404  	0.00066  	-0.1467  	0.15242  	0.31356  	0.31548  	0.19822  	-0.4595  	0.06997  	0.34758  	0.00730  	-0.0012  	0.38230  	-0.0594  	-0.0466  	-0.0893  	0.18668  	0.14057  	-0.1846  	-0.0928  	-0.0554  	0.00016  	-0.0071  	-0.0701  	0.03877  	-0.0198  	0.01551  	0.02117  	-0.0506  	-0.0427  	0.03349  	0.03786  	0.01311  	0.17048  	-0.0105  	0.05175  	0.00445  	0.00436  	0.65236  	
0.44365  	0.13812  	-0.8766  	-0.3335  	0.16521  	-0.6412  	-0.2765  	0.14153  	0.27031  	-0.4259  	-0.1913  	0.51040  	0.04231  	-0.9681  	-1.2874  	-0.1291  	0.53142  	0.22276  	1.24754  	-0.1438  	-0.1929  	1.52588  	0.48988  	-0.2259  	0.10909  	0.29505  	0.13575  	-0.0726  	-0.7297  	0.23289  	0.17768  	0.23990  	0.02144  	-0.1493  	0.18233  	0.28023  	0.34900  	0.19634  	-0.4844  	0.06688  	0.33465  	0.01139  	0.00985  	0.38965  	-0.0578  	-0.0522  	-0.0819  	0.18482  	0.13799  	-0.1747  	-0.0899  	-0.0615  	0.00014  	-0.0056  	-0.0754  	0.04087  	-0.0241  	0.01219  	0.02013  	-0.0471  	-0.0527  	0.03478  	0.03054  	0.01288  	0.16928  	-0.0125  	0.05142  	0.00374  	0.00415  	0.65353  	
0.46164  	0.15879  	-0.8280  	-0.3775  	0.12232  	-0.6017  	-0.2646  	0.18242  	0.32373  	-0.3795  	-0.2281  	0.53442  	0.12682  	-0.8982  	-1.2954  	-0.1099  	0.53841  	0.25657  	1.25939  	-0.1286  	-0.1904  	1.50898  	0.50031  	-0.2395  	0.07947  	0.30707  	0.10016  	-0.0924  	-0.7513  	0.18500  	0.22142  	0.22937  	0.06849  	-0.1510  	0.16344  	0.23314  	0.32326  	0.18667  	-0.4662  	0.06727  	0.36728  	-0.0065  	0.02742  	0.37144  	-0.0549  	-0.0500  	-0.0676  	0.19326  	0.13779  	-0.1772  	-0.0928  	-0.0615  	0.00034  	-0.0165  	-0.0796  	0.04142  	-0.0288  	0.01497  	0.01671  	-0.0501  	-0.0383  	0.04146  	0.03285  	0.01601  	0.16909  	-0.0153  	0.05077  	0.00284  	0.00415  	0.65379  	
0.40151  	0.14013  	-0.8103  	-0.4987  	0.03122  	-0.5930  	-0.2493  	0.12207  	0.29680  	-0.3440  	-0.1859  	0.50149  	0.10401  	-0.9146  	-1.4215  	-0.1757  	0.51479  	0.26277  	1.22717  	-0.1553  	-0.2848  	1.54722  	0.49626  	-0.2681  	0.10343  	0.32486  	0.06404  	-0.0286  	-0.6989  	0.20474  	0.24544  	0.21455  	0.05791  	-0.1626  	0.09372  	0.26284  	0.29360  	0.18063  	-0.4466  	0.06055  	0.39563  	-0.0023  	0.03948  	0.38175  	-0.0669  	-0.0482  	-0.0697  	0.19859  	0.14320  	-0.1864  	-0.0878  	-0.0619  	-0.0051  	-0.0122  	-0.0773  	0.03487  	-0.0340  	0.01330  	0.01716  	-0.0542  	-0.0365  	0.04050  	0.03864  	0.01827  	0.16894  	-0.0180  	0.04988  	0.00202  	0.00355  	0.66287  	
0.28646  	0.15724  	-0.8742  	-0.6591  	-0.0023  	-0.6792  	-0.2709  	0.12486  	0.27863  	-0.3904  	-0.1491  	0.45781  	0.00286  	-1.0329  	-1.4303  	-0.2371  	0.56901  	0.24589  	1.25029  	-0.2327  	-0.1963  	1.56813  	0.58709  	-0.2356  	0.12539  	0.32772  	0.16815  	-0.0970  	-0.7264  	0.20355  	0.20563  	0.22097  	0.02496  	-0.1807  	0.05152  	0.24705  	0.38155  	0.19285  	-0.4549  	0.06025  	0.38677  	0.00375  	0.02934  	0.38755  	-0.0638  	-0.0613  	-0.0778  	0.16872  	0.14207  	-0.1941  	-0.0957  	-0.0632  	-0.0061  	-0.0038  	-0.0698  	0.03662  	-0.0282  	0.01389  	0.02063  	-0.0470  	-0.0439  	0.04998  	0.03770  	0.02230  	0.16933  	-0.0221  	0.04888  	0.00126  	0.00286  	0.66927  	
0.27485  	0.13854  	-0.9314  	-0.5907  	0.03319  	-0.7028  	-0.2801  	0.12558  	0.26124  	-0.4187  	-0.1031  	0.47259  	0.00097  	-1.0432  	-1.4323  	-0.1787  	0.55893  	0.28479  	1.27184  	-0.2064  	-0.1904  	1.50853  	0.54045  	-0.2987  	0.12710  	0.30631  	0.14861  	-0.0808  	-0.6887  	0.23675  	0.18938  	0.20275  	0.00839  	-0.1523  	0.09688  	0.28396  	0.38208  	0.21174  	-0.4610  	0.04265  	0.37932  	0.00332  	0.03236  	0.39409  	-0.0581  	-0.0474  	-0.0774  	0.17484  	0.12715  	-0.1930  	-0.0971  	-0.0552  	0.00091  	0.00215  	-0.0688  	0.04105  	-0.0217  	0.01443  	0.01466  	-0.0479  	-0.0386  	0.04640  	0.03160  	0.01633  	0.16981  	-0.0243  	0.04743  	0.00073  	0.00235  	0.67330  	
0.20026  	0.07180  	-0.9718  	-0.6522  	0.01091  	-0.7564  	-0.2526  	0.08078  	0.25100  	-0.3531  	-0.0690  	0.46053  	0.02250  	-1.0683  	-1.5282  	-0.2038  	0.52462  	0.31271  	1.25514  	-0.1504  	-0.2373  	1.47401  	0.47293  	-0.3249  	0.12172  	0.31578  	0.08304  	-0.0121  	-0.6624  	0.22745  	0.21284  	0.20248  	0.01265  	-0.1532  	0.08622  	0.32648  	0.32715  	0.18778  	-0.4505  	0.03304  	0.40618  	0.00383  	0.03162  	0.39225  	-0.0514  	-0.0498  	-0.0761  	0.17804  	0.13567  	-0.1860  	-0.0929  	-0.0563  	0.00101  	-0.0032  	-0.0644  	0.04107  	-0.0193  	0.01509  	0.01281  	-0.0484  	-0.0376  	0.04103  	0.03688  	0.01881  	0.17018  	-0.0267  	0.04610  	0.00013  	0.00222  	0.66664  	
0.14148  	0.09033  	-0.9491  	-0.7164  	-0.0436  	-0.8150  	-0.2594  	0.07041  	0.26046  	-0.3054  	-0.0414  	0.41503  	-0.0121  	-1.0967  	-1.5949  	-0.2189  	0.51929  	0.29201  	1.26420  	-0.1669  	-0.2152  	1.47261  	0.49106  	-0.3352  	0.11649  	0.31288  	0.11548  	-0.0436  	-0.7039  	0.19788  	0.21635  	0.21424  	0.01381  	-0.1544  	0.07660  	0.32522  	0.34842  	0.18586  	-0.4488  	0.02159  	0.39312  	0.01145  	0.02818  	0.38462  	-0.0545  	-0.0486  	-0.0780  	0.18168  	0.13639  	-0.1794  	-0.0896  	-0.0625  	-0.0019  	-0.0014  	-0.0672  	0.03908  	-0.0173  	0.01631  	0.01761  	-0.0437  	-0.0407  	0.03865  	0.03843  	0.02523  	0.17004  	-0.0277  	0.04513  	-0.0003  	0.00166  	0.66406  	
0.10525  	0.08928  	-0.9390  	-0.7655  	-0.0843  	-0.8522  	-0.2854  	0.09929  	0.21819  	-0.3155  	0.04246  	0.38672  	0.00363  	-1.2004  	-1.5518  	-0.3104  	0.63134  	0.08118  	1.35822  	-0.4632  	-0.1025  	1.26482  	0.30149  	-0.3068  	0.08568  	0.42776  	0.14929  	-0.2039  	-0.6701  	0.18000  	0.34460  	0.17017  	-0.0938  	-0.3319  	0.00953  	0.29927  	0.31509  	0.19238  	-0.5848  	-0.0786  	0.45763  	0.13424  	-0.1050  	0.47117  	-0.1059  	-0.0292  	-0.1082  	0.19389  	0.11011  	-0.1868  	-0.0832  	-0.0521  	-0.0014  	0.01282  	-0.0666  	0.03880  	-0.0238  	0.00801  	0.01701  	-0.0356  	-0.0348  	0.03512  	0.02352  	0.01788  	0.16916  	-0.0291  	0.04431  	-0.0007  	0.00084  	0.66978  	
0.13244  	0.13226  	-0.9117  	-0.6920  	-0.0434  	-0.8623  	-0.3229  	0.13669  	0.21484  	-0.3587  	0.04104  	0.42614  	0.02575  	-1.2673  	-1.4708  	-0.3166  	0.69886  	-0.0375  	1.42084  	-0.6843  	-0.0411  	1.07320  	0.11384  	-0.2988  	0.00154  	0.50047  	0.13813  	-0.2731  	-0.5879  	0.17964  	0.42209  	0.13334  	-0.1764  	-0.4614  	-0.0274  	0.27335  	0.23575  	0.18338  	-0.6906  	-0.1195  	0.51021  	0.24830  	-0.1981  	0.53926  	-0.1552  	-0.0095  	-0.1239  	0.20955  	0.10495  	-0.2044  	-0.0752  	-0.0476  	-0.0009  	0.02794  	-0.0608  	0.04120  	-0.0277  	-0.0050  	0.02315  	-0.0290  	-0.0325  	0.03498  	0.00690  	0.01996  	0.16660  	-0.0294  	0.04352  	-0.0009  	0.00104  	0.66278  	
0.09764  	0.10712  	-0.9180  	-0.6902  	-0.0149  	-0.8886  	-0.3211  	0.13608  	0.20158  	-0.3423  	0.00159  	0.46732  	0.06370  	-1.2871  	-1.4662  	-0.3326  	0.72173  	-0.0518  	1.41411  	-0.7307  	-0.1036  	1.02160  	0.03658  	-0.3215  	-0.0206  	0.52106  	0.09373  	-0.2297  	-0.5124  	0.17651  	0.46325  	0.11552  	-0.1928  	-0.4841  	-0.0775  	0.27191  	0.15907  	0.17905  	-0.6909  	-0.1298  	0.54948  	0.26296  	-0.2054  	0.56136  	-0.1683  	-0.0065  	-0.1265  	0.21832  	0.10651  	-0.2126  	-0.0749  	-0.0463  	-0.0020  	0.02762  	-0.0567  	0.03357  	-0.0300  	-0.0060  	0.02252  	-0.0282  	-0.0306  	0.03559  	0.00857  	0.02463  	0.16419  	-0.0306  	0.04311  	-0.0011  	0.00178  	0.65037  	
0.08937  	0.09227  	-0.9148  	-0.6845  	0.01130  	-0.8817  	-0.2986  	0.13263  	0.20046  	-0.3292  	-0.0179  	0.46149  	0.06552  	-1.2546  	-1.4703  	-0.2974  	0.69706  	-0.0178  	1.38810  	-0.6805  	-0.1628  	1.07120  	0.06691  	-0.3207  	-0.0180  	0.50314  	0.06611  	-0.1784  	-0.5075  	0.17465  	0.44869  	0.12499  	-0.1662  	-0.4440  	-0.0724  	0.27627  	0.14832  	0.17869  	-0.6524  	-0.1149  	0.55047  	0.23430  	-0.1762  	0.54427  	-0.1629  	-0.0118  	-0.1249  	0.21653  	0.10988  	-0.2094  	-0.0793  	-0.0460  	-0.0019  	0.02105  	-0.0590  	0.02986  	-0.0291  	-0.0039  	0.02085  	-0.0305  	-0.0295  	0.03854  	0.01501  	0.02581  	0.16081  	-0.0314  	0.04266  	-0.0015  	0.00212  	0.65314  	
0.10531  	0.08631  	-0.9144  	-0.6782  	0.02722  	-0.8400  	-0.2633  	0.11610  	0.22236  	-0.3192  	-0.0333  	0.44938  	0.01576  	-1.1744  	-1.5050  	-0.2266  	0.60684  	0.11182  	1.33073  	-0.4544  	-0.2210  	1.26330  	0.25412  	-0.3052  	0.03389  	0.41564  	0.06839  	-0.1011  	-0.5704  	0.18909  	0.35218  	0.16612  	-0.0815  	-0.3102  	-0.0040  	0.28853  	0.22097  	0.17884  	-0.5541  	-0.0410  	0.48367  	0.13170  	-0.0886  	0.48013  	-0.1178  	-0.0278  	-0.1063  	0.19786  	0.12366  	-0.2017  	-0.0846  	-0.0504  	-0.0036  	0.00735  	-0.0661  	0.03080  	-0.0261  	0.00383  	0.01891  	-0.0379  	-0.0328  	0.04280  	0.02798  	0.02462  	0.15814  	-0.0328  	0.04273  	-0.0017  	0.00235  	0.64921  	
0.15232  	0.10969  	-0.8941  	-0.7235  	0.01762  	-0.7591  	-0.2410  	0.11404  	0.25521  	-0.3155  	-0.0775  	0.42126  	-0.0308  	-1.0393  	-1.5165  	-0.1757  	0.51933  	0.23886  	1.26647  	-0.2204  	-0.2431  	1.52428  	0.54046  	-0.2624  	0.11816  	0.31782  	0.14170  	-0.0864  	-0.7088  	0.21219  	0.22304  	0.21462  	0.02522  	-0.1566  	0.09019  	0.28182  	0.34715  	0.18466  	-0.4420  	0.04725  	0.38809  	0.01204  	0.02024  	0.40148  	-0.0602  	-0.0494  	-0.0800  	0.18015  	0.13703  	-0.1870  	-0.0899  	-0.0560  	-0.0064  	-0.0060  	-0.0758  	0.03338  	-0.0223  	0.01233  	0.01801  	-0.0490  	-0.0392  	0.04417  	0.03983  	0.02287  	0.15596  	-0.0325  	0.04323  	-0.0018  	0.00302  	0.64323  	
0.25940  	0.12475  	-0.8916  	-0.6329  	0.03153  	-0.6971  	-0.2644  	0.16609  	0.26347  	-0.3992  	-0.1117  	0.46085  	0.00062  	-0.9872  	-1.4100  	-0.1598  	0.56034  	0.22940  	1.27159  	-0.2247  	-0.1728  	1.54484  	0.56349  	-0.2289  	0.10931  	0.31715  	0.18226  	-0.1300  	-0.7729  	0.20126  	0.21273  	0.22061  	0.03162  	-0.1723  	0.13004  	0.24057  	0.38645  	0.19811  	-0.4767  	0.05335  	0.38074  	0.00878  	0.01436  	0.38820  	-0.0633  	-0.0502  	-0.0761  	0.17928  	0.13339  	-0.1879  	-0.0886  	-0.0586  	-0.0078  	-0.0063  	-0.0767  	0.03702  	-0.0206  	0.00940  	0.01662  	-0.0461  	-0.0421  	0.04675  	0.03549  	0.01772  	0.15566  	-0.0332  	0.04381  	-0.0020  	0.00356  	0.64337  	
0.37494  	0.14091  	-0.8295  	-0.5572  	0.03164  	-0.6473  	-0.2768  	0.12298  	0.28532  	-0.3519  	-0.1381  	0.51085  	0.06003  	-0.9614  	-1.4844  	-0.1619  	0.50929  	0.26585  	1.24289  	-0.1499  	-0.2388  	1.51360  	0.54119  	-0.2863  	0.07319  	0.31721  	0.06801  	-0.0237  	-0.6897  	0.17899  	0.23336  	0.21171  	0.04071  	-0.1581  	0.11255  	0.26178  	0.31735  	0.18196  	-0.4435  	0.06891  	0.40213  	-0.0038  	0.05046  	0.39572  	-0.0662  	-0.0536  	-0.0732  	0.19144  	0.14553  	-0.1861  	-0.0880  	-0.0591  	0.00154  	-0.0065  	-0.0708  	0.03598  	-0.0306  	0.01018  	0.01212  	-0.0524  	-0.0349  	0.04860  	0.04637  	0.01923  	0.15718  	-0.0333  	0.04419  	-0.0021  	0.00274  	0.65242  	
0.34282  	0.11499  	-0.8607  	-0.5593  	0.02446  	-0.6663  	-0.2686  	0.13031  	0.27887  	-0.3874  	-0.1098  	0.49572  	0.03643  	-1.0160  	-1.4860  	-0.1609  	0.50438  	0.28777  	1.25251  	-0.1340  	-0.2164  	1.52562  	0.50791  	-0.2934  	0.09640  	0.30168  	0.07841  	-0.0159  	-0.6713  	0.18984  	0.22055  	0.20795  	0.01933  	-0.1652  	0.10167  	0.27075  	0.34051  	0.17885  	-0.4459  	0.07551  	0.38930  	0.00587  	0.03529  	0.39124  	-0.0670  	-0.0587  	-0.0700  	0.18036  	0.14446  	-0.1806  	-0.0872  	-0.0609  	-0.0067  	-0.0119  	-0.0717  	0.04085  	-0.0273  	0.01386  	0.00803  	-0.0514  	-0.0357  	0.04934  	0.04471  	0.01518  	0.16020  	-0.0331  	0.04457  	-0.0025  	0.00187  	0.66250  	
0.39094  	0.13197  	-0.8597  	-0.3988  	0.13342  	-0.6154  	-0.2930  	0.12331  	0.27614  	-0.4375  	-0.1864  	0.49486  	0.00423  	-1.0057  	-1.3850  	-0.1794  	0.54544  	0.25874  	1.28614  	-0.1363  	-0.1640  	1.50778  	0.43635  	-0.2380  	0.19862  	0.27441  	0.22458  	-0.0748  	-0.7202  	0.25748  	0.16046  	0.25178  	0.00916  	-0.1583  	0.17487  	0.29898  	0.38405  	0.19688  	-0.4472  	0.07191  	0.30519  	0.02228  	-0.0031  	0.38318  	-0.0512  	-0.0587  	-0.0844  	0.17519  	0.14116  	-0.1910  	-0.0801  	-0.0628  	-0.0010  	-0.0053  	-0.0712  	0.04535  	-0.0171  	0.01406  	0.01325  	-0.0496  	-0.0440  	0.02999  	0.04621  	0.01916  	0.16348  	-0.0305  	0.04482  	-0.0026  	0.00157  	0.65598  	
0.34915  	0.12173  	-0.9334  	-0.3071  	0.21607  	-0.6633  	-0.2667  	0.13860  	0.25917  	-0.4378  	-0.1893  	0.56585  	0.03467  	-0.9141  	-1.2278  	-0.1962  	0.53197  	0.26583  	1.26072  	-0.1413  	-0.1687  	1.49647  	0.42632  	-0.2527  	0.17048  	0.28034  	0.16283  	-0.0158  	-0.6923  	0.26723  	0.17941  	0.22495  	0.02400  	-0.1500  	0.18712  	0.27404  	0.35770  	0.18199  	-0.4503  	0.04119  	0.30557  	0.02613  	-0.0026  	0.36989  	-0.0403  	-0.0467  	-0.0856  	0.16323  	0.13221  	-0.1858  	-0.0819  	-0.0623  	0.00314  	-0.0026  	-0.0693  	0.04168  	-0.0107  	0.02029  	0.01968  	-0.0470  	-0.0476  	0.04236  	0.03776  	0.01547  	0.16656  	-0.0283  	0.04537  	-0.0027  	0.00163  	0.64014  	
0.44630  	0.17851  	-0.8782  	-0.1063  	0.32171  	-0.5215  	-0.2803  	0.20104  	0.28536  	-0.5048  	-0.2452  	0.62499  	0.05765  	-0.7687  	-1.0618  	-0.1940  	0.54101  	0.20315  	1.23595  	-0.1672  	-0.1138  	1.53381  	0.43452  	-0.1882  	0.12622  	0.27494  	0.20517  	-0.0407  	-0.7389  	0.28092  	0.15924  	0.21735  	0.03922  	-0.1487  	0.27656  	0.23568  	0.37639  	0.17070  	-0.4644  	0.03272  	0.27198  	0.02418  	-0.0204  	0.36721  	-0.0457  	-0.0464  	-0.0773  	0.17369  	0.13239  	-0.1867  	-0.0874  	-0.0647  	-0.0001  	-0.0085  	-0.0714  	0.04551  	-0.0187  	0.01672  	0.02184  	-0.0501  	-0.0449  	0.03989  	0.02364  	0.00667  	0.16814  	-0.0255  	0.04550  	-0.0024  	0.00121  	0.64046  	
0.76611  	0.27134  	-0.7451  	-0.1527  	0.27785  	-0.4844  	-0.2369  	0.25828  	0.32478  	-0.4673  	-0.3087  	0.56778  	0.14158  	-0.6017  	-0.9302  	-0.1840  	0.56059  	0.17751  	1.25561  	-0.2359  	-0.0094  	1.54647  	0.45382  	-0.1534  	0.10693  	0.27407  	0.26543  	-0.2551  	-0.8832  	0.22620  	0.16196  	0.24983  	0.05864  	-0.1743  	0.32182  	0.16971  	0.46120  	0.21834  	-0.5104  	0.05204  	0.25607  	0.01857  	-0.0040  	0.36293  	-0.0613  	-0.0357  	-0.0765  	0.17888  	0.14412  	-0.1861  	-0.0950  	-0.0641  	-0.0077  	-0.0072  	-0.0809  	0.05339  	-0.0340  	0.00721  	0.01611  	-0.0523  	-0.0446  	0.05893  	0.03254  	0.00356  	0.16689  	-0.0236  	0.04545  	-0.0024  	0.00049  	0.64880  	
0.93265  	0.28582  	-0.6115  	-0.0654  	0.24478  	-0.3626  	-0.2055  	0.31794  	0.33790  	-0.5223  	-0.2770  	0.49507  	0.16409  	-0.4998  	-0.8436  	-0.1458  	0.52660  	0.13150  	1.24075  	-0.2722  	0.10568  	1.57131  	0.45699  	-0.1165  	0.16509  	0.23954  	0.37998  	-0.3657  	-0.9210  	0.26910  	0.14710  	0.27827  	0.05412  	-0.1737  	0.40414  	0.16646  	0.53654  	0.23680  	-0.5370  	0.04051  	0.24047  	0.02866  	-0.0073  	0.36368  	-0.0530  	-0.0503  	-0.0863  	0.19628  	0.15295  	-0.1772  	-0.0888  	-0.0593  	0.00050  	-0.0086  	-0.0738  	0.06522  	-0.0263  	0.00750  	0.00859  	-0.0368  	-0.0449  	0.04677  	0.03205  	0.00916  	0.16387  	-0.0214  	0.04568  	-0.0016  	0.00100  	0.64853  	
0.95113  	0.30366  	-0.5885  	-0.0900  	0.20482  	-0.3191  	-0.1998  	0.36095  	0.37959  	-0.5746  	-0.2245  	0.47965  	0.14392  	-0.5516  	-0.9172  	-0.0804  	0.52183  	0.08673  	1.25319  	-0.2850  	0.17810  	1.59246  	0.51668  	-0.1137  	0.15709  	0.24539  	0.40602  	-0.4236  	-0.9695  	0.24934  	0.14473  	0.28479  	0.06333  	-0.1699  	0.39335  	0.12485  	0.59071  	0.23841  	-0.5369  	0.01309  	0.22462  	0.03575  	0.00184  	0.38013  	-0.0516  	-0.0527  	-0.0872  	0.20314  	0.16069  	-0.1816  	-0.0925  	-0.0593  	-0.0017  	-0.0037  	-0.0713  	0.06432  	-0.0310  	0.00702  	0.01048  	-0.0432  	-0.0415  	0.04092  	0.03049  	0.01095  	0.16158  	-0.0205  	0.04605  	-0.0005  	0.00232  	0.64505  	
0.97969  	0.28033  	-0.5988  	0.02445  	0.27150  	-0.2828  	-0.1867  	0.33085  	0.36324  	-0.5345  	-0.3764  	0.41466  	0.18903  	-0.4902  	-0.8877  	-0.1505  	0.53834  	0.12198  	1.22741  	-0.2934  	0.02664  	1.61423  	0.49378  	-0.1226  	0.26074  	0.23956  	0.39881  	-0.3183  	-0.8311  	0.31382  	0.14774  	0.25401  	0.04888  	-0.1575  	0.33419  	0.16239  	0.47742  	0.19308  	-0.4951  	0.05415  	0.23247  	0.03973  	0.00362  	0.38200  	-0.0620  	-0.0467  	-0.0940  	0.21227  	0.16269  	-0.1897  	-0.0892  	-0.0634  	-0.0072  	-0.0085  	-0.0772  	0.06165  	-0.0343  	0.00784  	0.01823  	-0.0458  	-0.0413  	0.03867  	0.02408  	-0.0019  	0.15916  	-0.0193  	0.04650  	0.00054  	0.00345  	0.66629  	
0.94841  	0.31805  	-0.6800  	-0.0511  	0.32812  	-0.4193  	-0.1708  	0.29581  	0.31384  	-0.4127  	-0.4494  	0.31384  	0.24733  	-0.3897  	-0.8327  	-0.2625  	0.51117  	0.12436  	1.24055  	-0.2996  	-0.0573  	1.68417  	0.41637  	-0.1153  	0.38111  	0.20259  	0.47153  	-0.3361  	-0.7607  	0.36267  	0.14056  	0.24379  	0.01849  	-0.1716  	0.32966  	0.21324  	0.43906  	0.16568  	-0.4945  	0.11296  	0.21617  	0.04244  	-0.0115  	0.38405  	-0.0574  	-0.0483  	-0.0945  	0.21048  	0.16361  	-0.1931  	-0.0849  	-0.0620  	-0.0052  	-0.0095  	-0.0814  	0.05990  	-0.0367  	0.00393  	0.02134  	-0.0349  	-0.0448  	0.04086  	0.02292  	-0.0064  	0.15840  	-0.0191  	0.04747  	0.00200  	0.00450  	0.67181  	
0.76249  	0.26404  	-0.9047  	0.21875  	0.48550  	-0.4686  	-0.2026  	0.27654  	0.30486  	-0.5403  	-0.4700  	0.52842  	0.19504  	-0.4923  	-0.7236  	-0.2724  	0.54140  	0.06333  	1.22207  	-0.2444  	-0.0694  	1.67689  	0.42348  	-0.1073  	0.28359  	0.24731  	0.49548  	-0.2241  	-0.7678  	0.38380  	0.12005  	0.23073  	0.03713  	-0.1564  	0.39964  	0.18428  	0.38707  	0.14190  	-0.4708  	0.08216  	0.17338  	0.08278  	-0.0444  	0.36830  	-0.0507  	-0.0401  	-0.0873  	0.19180  	0.14999  	-0.1997  	-0.0852  	-0.0683  	-0.0028  	-0.0140  	-0.0881  	0.06091  	-0.0173  	0.01360  	0.02368  	-0.0445  	-0.0445  	0.03667  	0.01138  	-0.0069  	0.15862  	-0.0179  	0.04877  	0.00351  	0.00562  	0.68345  	
0.77450  	0.24035  	-0.8581  	0.18988  	0.46515  	-0.3437  	-0.2323  	0.27460  	0.28543  	-0.5655  	-0.5526  	0.52739  	0.22792  	-0.4637  	-0.6672  	-0.2299  	0.52193  	0.08877  	1.21928  	-0.2415  	-0.0805  	1.64501  	0.42307  	-0.1222  	0.23205  	0.24366  	0.39293  	-0.1578  	-0.7274  	0.34772  	0.11259  	0.22624  	0.04220  	-0.1350  	0.36654  	0.19184  	0.35977  	0.14841  	-0.4505  	0.08858  	0.18410  	0.06447  	-0.0435  	0.36426  	-0.0567  	-0.0464  	-0.0869  	0.18825  	0.15661  	-0.1907  	-0.0834  	-0.0608  	-0.0077  	-0.0172  	-0.0784  	0.06049  	-0.0277  	0.01674  	0.01832  	-0.0518  	-0.0394  	0.04295  	0.03278  	0.00353  	0.16030  	-0.0170  	0.04962  	0.00461  	0.00597  	0.70609  	
0.87110  	0.27794  	-0.7074  	0.04151  	0.32433  	-0.3240  	-0.2293  	0.29325  	0.30545  	-0.5275  	-0.4575  	0.45511  	0.21686  	-0.4650  	-0.7379  	-0.2078  	0.51456  	0.12740  	1.24214  	-0.2699  	-0.0188  	1.62511  	0.41885  	-0.1355  	0.25157  	0.22286  	0.39602  	-0.2707  	-0.7754  	0.34713  	0.12507  	0.25379  	0.04043  	-0.1463  	0.36697  	0.19475  	0.43333  	0.18821  	-0.4810  	0.08119  	0.21661  	0.05057  	-0.0260  	0.36439  	-0.0486  	-0.0409  	-0.0988  	0.19020  	0.15569  	-0.1836  	-0.0803  	-0.0590  	-0.0027  	-0.0103  	-0.0719  	0.06860  	-0.0296  	0.01182  	0.01762  	-0.0401  	-0.0451  	0.04439  	0.01967  	0.00462  	0.16337  	-0.0149  	0.05042  	0.00558  	0.00517  	0.72125  	
0.91856  	0.26675  	-0.6570  	0.09212  	0.33424  	-0.3019  	-0.2317  	0.34109  	0.37905  	-0.5372  	-0.4040  	0.50337  	0.19823  	-0.5602  	-0.8794  	-0.1030  	0.50843  	0.14399  	1.25209  	-0.2297  	-0.0098  	1.56235  	0.45192  	-0.1716  	0.21066  	0.24458  	0.35260  	-0.2451  	-0.7772  	0.31765  	0.13829  	0.24559  	0.06396  	-0.1500  	0.30849  	0.15039  	0.43641  	0.18869  	-0.4735  	0.06103  	0.23448  	0.03549  	-0.0064  	0.37740  	-0.0534  	-0.0509  	-0.0915  	0.20364  	0.16468  	-0.1929  	-0.0889  	-0.0615  	-0.0084  	-0.0056  	-0.0718  	0.06099  	-0.0288  	0.00850  	0.01989  	-0.0472  	-0.0434  	0.04163  	0.02439  	0.00652  	0.16769  	-0.0132  	0.05119  	0.00615  	0.00383  	0.73735  	
0.92559  	0.28477  	-0.6604  	-0.0157  	0.31612  	-0.4156  	-0.1977  	0.28327  	0.33437  	-0.4741  	-0.4321  	0.39936  	0.19460  	-0.5096  	-0.9142  	-0.1975  	0.48978  	0.16124  	1.23498  	-0.2634  	-0.0549  	1.59550  	0.40721  	-0.1554  	0.29669  	0.21429  	0.41123  	-0.2494  	-0.7343  	0.36124  	0.13216  	0.25855  	0.04234  	-0.1583  	0.33319  	0.19522  	0.43027  	0.17616  	-0.4739  	0.08331  	0.24518  	0.03757  	-0.0092  	0.38133  	-0.0546  	-0.0485  	-0.0925  	0.20707  	0.16305  	-0.1993  	-0.0873  	-0.0592  	-0.0032  	-0.0098  	-0.0785  	0.05911  	-0.0347  	0.00771  	0.02315  	-0.0471  	-0.0427  	0.03457  	0.02162  	-0.0017  	0.17153  	-0.0110  	0.05204  	0.00667  	0.00324  	0.72935  	
0.75377  	0.26032  	-0.8748  	0.18067  	0.46659  	-0.4464  	-0.2389  	0.24583  	0.28078  	-0.5086  	-0.4601  	0.54306  	0.18214  	-0.5444  	-0.7721  	-0.2182  	0.50568  	0.10557  	1.24176  	-0.2295  	-0.0829  	1.65522  	0.37663  	-0.1720  	0.28061  	0.23809  	0.37931  	-0.1833  	-0.7065  	0.37266  	0.11575  	0.22600  	0.02757  	-0.1469  	0.36422  	0.21277  	0.37935  	0.16182  	-0.4630  	0.06489  	0.18624  	0.04879  	-0.0357  	0.36389  	-0.0481  	-0.0443  	-0.0905  	0.19159  	0.15674  	-0.2069  	-0.0867  	-0.0660  	-0.0023  	-0.0151  	-0.0812  	0.05027  	-0.0239  	0.01924  	0.01928  	-0.0484  	-0.0432  	0.03016  	0.03214  	0.00293  	0.17572  	-0.0108  	0.05201  	0.00671  	0.00261  	0.72144  	
0.80746  	0.23205  	-0.7978  	0.20410  	0.45843  	-0.3281  	-0.2471  	0.24955  	0.30066  	-0.5577  	-0.5216  	0.52111  	0.22652  	-0.4701  	-0.6575  	-0.2297  	0.52011  	0.08212  	1.23428  	-0.2467  	-0.0573  	1.63140  	0.41398  	-0.1333  	0.24979  	0.23212  	0.38695  	-0.1886  	-0.7572  	0.36226  	0.10937  	0.23575  	0.03671  	-0.1473  	0.37286  	0.19339  	0.39190  	0.15856  	-0.4766  	0.07454  	0.18404  	0.05976  	-0.0288  	0.35194  	-0.0532  	-0.0473  	-0.0830  	0.18937  	0.16289  	-0.1915  	-0.0855  	-0.0616  	-0.0047  	-0.0107  	-0.0769  	0.06076  	-0.0279  	0.01589  	0.02026  	-0.0448  	-0.0444  	0.03927  	0.03352  	-0.0002  	0.17901  	-0.0118  	0.05030  	0.00656  	0.00105  	0.72393  	
0.90331  	0.30498  	-0.6412  	0.05560  	0.28696  	-0.2580  	-0.2508  	0.31307  	0.32244  	-0.5438  	-0.4183  	0.48463  	0.21984  	-0.4840  	-0.7426  	-0.1750  	0.52472  	0.10045  	1.24829  	-0.2761  	0.04846  	1.62069  	0.46083  	-0.1442  	0.18048  	0.22326  	0.37624  	-0.3153  	-0.8576  	0.32089  	0.13816  	0.25642  	0.03244  	-0.1618  	0.39399  	0.17930  	0.48436  	0.20272  	-0.5154  	0.03948  	0.21391  	0.03644  	-0.0131  	0.36102  	-0.0517  	-0.0386  	-0.0953  	0.19921  	0.15320  	-0.1714  	-0.0812  	-0.0616  	0.00048  	-0.0128  	-0.0736  	0.06894  	-0.0252  	0.01043  	0.01510  	-0.0398  	-0.0490  	0.04251  	0.02717  	0.00730  	0.18147  	-0.0144  	0.04790  	0.00620  	-0.0010  	0.71580  	
0.93448  	0.31547  	-0.5968  	-0.0727  	0.29297  	-0.2949  	-0.2075  	0.35366  	0.37235  	-0.4931  	-0.2485  	0.51640  	0.16183  	-0.6087  	-0.9485  	-0.0539  	0.48804  	0.14850  	1.24523  	-0.2213  	0.12013  	1.58526  	0.45381  	-0.1543  	0.14652  	0.22413  	0.32858  	-0.3180  	-0.9010  	0.24224  	0.14113  	0.26725  	0.06889  	-0.1573  	0.37363  	0.18660  	0.51579  	0.22241  	-0.5286  	0.03476  	0.23333  	0.04108  	-0.0215  	0.36534  	-0.0552  	-0.0477  	-0.0913  	0.19155  	0.15203  	-0.1749  	-0.0816  	-0.0647  	0.00622  	-0.0006  	-0.0731  	0.06588  	-0.0198  	0.01083  	0.01729  	-0.0364  	-0.0380  	0.04785  	0.03795  	0.00683  	0.18319  	-0.0168  	0.04555  	0.00611  	-0.0022  	0.70587  	
0.76729  	0.21730  	-0.6708  	-0.2210  	0.25991  	-0.4536  	-0.2189  	0.21706  	0.29969  	-0.3747  	-0.1417  	0.50493  	0.05431  	-0.8335  	-1.2525  	-0.0227  	0.47941  	0.24134  	1.27810  	-0.1496  	-0.0631  	1.52365  	0.39724  	-0.1406  	0.18586  	0.22829  	0.28754  	-0.1754  	-0.8087  	0.23415  	0.13838  	0.28143  	0.03555  	-0.1745  	0.31333  	0.28403  	0.47294  	0.20898  	-0.5005  	0.09285  	0.26949  	0.01860  	-0.0102  	0.38166  	-0.0582  	-0.0491  	-0.0869  	0.19281  	0.14996  	-0.1910  	-0.0837  	-0.0660  	-0.0033  	-0.0043  	-0.0662  	0.04812  	-0.0192  	0.01098  	0.01423  	-0.0361  	-0.0509  	0.03106  	0.03486  	0.01349  	0.18502  	-0.0198  	0.04294  	0.00582  	-0.0030  	0.70311  	
0.65288  	0.15746  	-0.7292  	-0.2658  	0.22083  	-0.5513  	-0.2103  	0.16113  	0.27185  	-0.2976  	-0.0944  	0.45985  	0.04413  	-0.9104  	-1.4067  	0.03801  	0.46595  	0.23648  	1.27397  	-0.1480  	-0.1417  	1.51754  	0.36601  	-0.1902  	0.25648  	0.23283  	0.29023  	-0.1231  	-0.7849  	0.26679  	0.13004  	0.29313  	0.00029  	-0.1761  	0.28958  	0.36899  	0.43792  	0.21364  	-0.4908  	0.07378  	0.27711  	0.02134  	-0.0019  	0.38895  	-0.0582  	-0.0471  	-0.0885  	0.19543  	0.15164  	-0.1933  	-0.0731  	-0.0635  	0.00360  	-0.0071  	-0.0615  	0.04676  	-0.0168  	0.01178  	0.01755  	-0.0399  	-0.0490  	0.03217  	0.04225  	0.01498  	0.18630  	-0.0220  	0.04056  	0.00543  	-0.0043  	0.71379  	
0.51716  	0.14085  	-0.8173  	-0.3935  	0.12467  	-0.5610  	-0.2179  	0.11719  	0.26421  	-0.3615  	-0.0671  	0.46949  	0.02380  	-0.9736  	-1.4388  	-0.0367  	0.49765  	0.24250  	1.26946  	-0.1753  	-0.1464  	1.50854  	0.39348  	-0.2167  	0.24555  	0.25145  	0.26276  	-0.0871  	-0.7523  	0.25718  	0.15600  	0.26592  	-0.0017  	-0.1686  	0.22906  	0.36256  	0.42120  	0.21138  	-0.4769  	0.04860  	0.29721  	0.02933  	0.00191  	0.37352  	-0.0506  	-0.0510  	-0.0817  	0.18405  	0.14901  	-0.1931  	-0.0753  	-0.0611  	0.00911  	-7.9378  	-0.0624  	0.04359  	-0.0173  	0.01540  	0.01671  	-0.0393  	-0.0496  	0.03160  	0.04414  	0.01676  	0.18758  	-0.0247  	0.03838  	0.00509  	-0.0058  	0.72018  	
0.36642  	0.10572  	-0.9236  	-0.5219  	0.03898  	-0.6423  	-0.2450  	0.07568  	0.23910  	-0.4024  	-0.0507  	0.44340  	-0.0106  	-1.0329  	-1.4705  	-0.1245  	0.53536  	0.24491  	1.26031  	-0.1676  	-0.1539  	1.47254  	0.44216  	-0.2173  	0.20410  	0.27935  	0.20785  	-0.0701  	-0.7473  	0.24885  	0.16838  	0.24961  	-0.0105  	-0.1693  	0.21986  	0.35584  	0.41889  	0.18827  	-0.5057  	0.03406  	0.32106  	0.01784  	0.00265  	0.36769  	-0.0480  	-0.0474  	-0.0817  	0.16060  	0.13291  	-0.1879  	-0.0764  	-0.0613  	0.00332  	-0.0047  	-0.0660  	0.04397  	-0.0161  	0.01770  	0.02063  	-0.0454  	-0.0507  	0.03182  	0.03880  	0.01720  	0.18838  	-0.0256  	0.03650  	0.00464  	-0.0072  	0.73618  	
0.35110  	0.08383  	-0.8971  	-0.5270  	0.04418  	-0.6373  	-0.2755  	0.08449  	0.23643  	-0.4592  	-0.0901  	0.39011  	-0.0043  	-1.0476  	-1.3858  	-0.1593  	0.55697  	0.22376  	1.26214  	-0.2221  	-0.1324  	1.49279  	0.50916  	-0.2052  	0.17428  	0.28837  	0.22053  	-0.1086  	-0.7813  	0.23225  	0.18986  	0.25927  	-0.0023  	-0.1656  	0.20194  	0.28973  	0.42615  	0.21441  	-0.5122  	0.01626  	0.33999  	0.02475  	0.00859  	0.36559  	-0.0523  	-0.0504  	-0.0871  	0.15658  	0.12966  	-0.1808  	-0.0870  	-0.0611  	0.00248  	-0.0097  	-0.0696  	0.04630  	-0.0175  	0.01508  	0.02338  	-0.0516  	-0.0434  	0.03735  	0.03825  	0.01638  	0.18875  	-0.0247  	0.03490  	0.00411  	-0.0084  	0.74764  	
0.48095  	0.13497  	-0.8598  	-0.3774  	0.14475  	-0.5769  	-0.2882  	0.17531  	0.29531  	-0.4545  	-0.1629  	0.55456  	0.04701  	-0.9171  	-1.2601  	-0.1362  	0.53513  	0.19456  	1.26234  	-0.1892  	-0.0896  	1.51459  	0.51610  	-0.1944  	0.08026  	0.30136  	0.21465  	-0.1664  	-0.8335  	0.21725  	0.18371  	0.24922  	0.04171  	-0.1652  	0.25055  	0.23823  	0.44062  	0.21302  	-0.5255  	0.04207  	0.31055  	0.01544  	0.00193  	0.37667  	-0.0597  	-0.0542  	-0.0759  	0.17673  	0.13593  	-0.1839  	-0.0872  	-0.0620  	-0.0017  	-0.0087  	-0.0783  	0.04304  	-0.0246  	0.00662  	0.01872  	-0.0452  	-0.0457  	0.03837  	0.03495  	0.01572  	0.18912  	-0.0220  	0.03405  	0.00384  	-0.0100  	0.75623  	
0.65797  	0.21343  	-0.7039  	-0.2643  	0.19227  	-0.5419  	-0.2265  	0.16108  	0.29793  	-0.3616  	-0.1729  	0.55322  	0.05507  	-0.8444  	-1.3183  	-0.0382  	0.49199  	0.25886  	1.26449  	-0.1318  	-0.1397  	1.52255  	0.42586  	-0.2114  	0.16275  	0.24912  	0.21756  	-0.1209  	-0.7707  	0.22832  	0.14531  	0.24918  	0.04634  	-0.1567  	0.24460  	0.29531  	0.40948  	0.20354  	-0.4864  	0.08652  	0.29924  	0.01735  	0.00654  	0.38771  	-0.0533  	-0.0484  	-0.0773  	0.19420  	0.15067  	-0.1974  	-0.0806  	-0.0595  	0.00131  	-0.0058  	-0.0738  	0.05143  	-0.0289  	0.00889  	0.01612  	-0.0413  	-0.0445  	0.03573  	0.03402  	0.01294  	0.18967  	-0.0197  	0.03382  	0.00371  	-0.0118  	0.76730  	
0.63624  	0.20153  	-0.6950  	-0.3179  	0.18190  	-0.5485  	-0.2320  	0.17497  	0.29743  	-0.2865  	-0.0616  	0.55900  	0.04717  	-0.9201  	-1.4866  	0.00782  	0.47091  	0.25714  	1.27600  	-0.1208  	-0.1884  	1.49363  	0.34811  	-0.2296  	0.21799  	0.24010  	0.22464  	-0.0905  	-0.7548  	0.25144  	0.14504  	0.26815  	0.02209  	-0.1596  	0.25149  	0.34476  	0.38291  	0.20351  	-0.4675  	0.07236  	0.31798  	0.01294  	0.02469  	0.36876  	-0.0506  	-0.0479  	-0.0883  	0.19868  	0.15270  	-0.1903  	-0.0800  	-0.0604  	0.00586  	-0.0082  	-0.0656  	0.04466  	-0.0215  	0.01427  	0.01647  	-0.0481  	-0.0477  	0.03386  	0.04364  	0.01514  	0.18822  	-0.0172  	0.03431  	0.00342  	-0.0123  	0.76660  	
0.46809  	0.15656  	-0.8366  	-0.4511  	0.06084  	-0.5822  	-0.2516  	0.14450  	0.26829  	-0.3545  	-0.1220  	0.46565  	0.01093  	-0.9738  	-1.5230  	-0.0731  	0.51971  	0.28824  	1.27733  	-0.1521  	-0.1752  	1.50698  	0.38309  	-0.2656  	0.23280  	0.25040  	0.22271  	-0.0749  	-0.7386  	0.26231  	0.16052  	0.25429  	-2.2530  	-0.1714  	0.20274  	0.36837  	0.38334  	0.18927  	-0.4501  	0.05817  	0.31158  	0.01252  	0.00751  	0.37379  	-0.0499  	-0.0490  	-0.0920  	0.18179  	0.14364  	-0.1902  	-0.0809  	-0.0615  	0.00883  	0.00039  	-0.0688  	0.04637  	-0.0209  	0.00956  	0.01661  	-0.0440  	-0.0444  	0.02919  	0.04615  	0.01384  	0.18695  	-0.0165  	0.03474  	0.00297  	-0.0121  	0.76708  	
0.36748  	0.10600  	-0.9066  	-0.3422  	0.16504  	-0.5824  	-0.2752  	0.07908  	0.21319  	-0.4441  	-0.2755  	0.44750  	-0.0216  	-0.9948  	-1.3888  	-0.1791  	0.55012  	0.25431  	1.28185  	-0.1921  	-0.1807  	1.50058  	0.43903  	-0.1823  	0.28707  	0.26983  	0.33838  	-0.0848  	-0.7191  	0.28766  	0.12562  	0.25676  	-0.0320  	-0.1756  	0.20980  	0.35051  	0.40515  	0.20109  	-0.4642  	0.07477  	0.27279  	0.03331  	-0.0199  	0.37447  	-0.0411  	-0.0466  	-0.0876  	0.16563  	0.13066  	-0.1958  	-0.0779  	-0.0577  	-0.0002  	-0.0089  	-0.0762  	0.04284  	-0.0111  	0.01663  	0.01419  	-0.0508  	-0.0472  	0.02719  	0.04455  	0.01861  	0.18573  	-0.0172  	0.03474  	0.00270  	-0.0124  	0.76679  	
0.41327  	0.13256  	-0.8919  	-0.2460  	0.20451  	-0.5516  	-0.2728  	0.10762  	0.24516  	-0.5084  	-0.2769  	0.46549  	0.01693  	-0.9313  	-1.2430  	-0.2398  	0.56542  	0.23167  	1.26231  	-0.1614  	-0.1323  	1.52851  	0.42935  	-0.2030  	0.26061  	0.26150  	0.26905  	-0.0418  	-0.7155  	0.28440  	0.14915  	0.24317  	-0.0154  	-0.1581  	0.21646  	0.30901  	0.38610  	0.18816  	-0.4596  	0.03481  	0.28532  	0.02425  	-0.0099  	0.37557  	-0.0388  	-0.0568  	-0.0913  	0.16016  	0.13833  	-0.1934  	-0.0817  	-0.0652  	0.00053  	-0.0076  	-0.0666  	0.05138  	-0.0065  	0.02271  	0.02380  	-0.0487  	-0.0449  	0.03190  	0.03880  	0.01607  	0.18543  	-0.0194  	0.03474  	0.00282  	-0.0125  	0.75583  	
0.42482  	0.16342  	-0.8949  	-0.1588  	0.29557  	-0.5951  	-0.2519  	0.12489  	0.26282  	-0.4602  	-0.2977  	0.59008  	0.07624  	-0.8473  	-1.1617  	-0.2154  	0.52771  	0.25810  	1.22941  	-0.1088  	-0.2240  	1.55534  	0.40929  	-0.2607  	0.18161  	0.27785  	0.12748  	0.06801  	-0.6349  	0.28467  	0.17288  	0.20229  	0.03747  	-0.1321  	0.20721  	0.28224  	0.27626  	0.15849  	-0.4281  	0.05223  	0.31857  	0.01901  	0.00275  	0.37055  	-0.0519  	-0.0489  	-0.0839  	0.17855  	0.13452  	-0.1824  	-0.0806  	-0.0619  	-0.0003  	-0.0121  	-0.0707  	0.04723  	-0.0131  	0.01590  	0.01650  	-0.0513  	-0.0388  	0.03991  	0.03402  	0.01309  	0.18437  	-0.0209  	0.03542  	0.00287  	-0.0120  	0.74548  	
0.39556  	0.12777  	-0.9455  	-0.1478  	0.31870  	-0.6576  	-0.2484  	0.12500  	0.25877  	-0.4059  	-0.2626  	0.63697  	0.11757  	-0.8155  	-1.1758  	-0.2140  	0.51216  	0.25792  	1.22671  	-0.1061  	-0.2513  	1.53146  	0.38739  	-0.2812  	0.17261  	0.29495  	0.10236  	0.08451  	-0.6343  	0.28553  	0.17695  	0.19054  	0.05383  	-0.1361  	0.22470  	0.26612  	0.25448  	0.15063  	-0.4237  	0.05117  	0.31327  	0.02589  	-0.0032  	0.36523  	-0.0483  	-0.0512  	-0.0772  	0.17904  	0.13122  	-0.1727  	-0.0773  	-0.0596  	-0.0027  	-0.0173  	-0.0682  	0.03946  	-0.0117  	0.01810  	0.01563  	-0.0525  	-0.0429  	0.04123  	0.03977  	0.01453  	0.18403  	-0.0227  	0.03545  	0.00290  	-0.0111  	0.74146  	
0.31042  	0.10516  	-1.0256  	-0.2376  	0.30561  	-0.7285  	-0.2604  	0.12760  	0.26088  	-0.3687  	-0.1501  	0.63121  	0.09502  	-0.8001  	-1.2410  	-0.2268  	0.48349  	0.25766  	1.22568  	-0.1028  	-0.2260  	1.53444  	0.36372  	-0.2612  	0.19080  	0.27591  	0.11628  	0.04443  	-0.6443  	0.27211  	0.18720  	0.18866  	0.05632  	-0.1427  	0.24347  	0.26711  	0.28740  	0.14134  	-0.4407  	0.07679  	0.28077  	0.03248  	-0.0286  	0.35379  	-0.0454  	-0.0461  	-0.0789  	0.17445  	0.13601  	-0.1805  	-0.0835  	-0.0623  	-0.0092  	-0.0103  	-0.0704  	0.04371  	-0.0166  	0.01298  	0.01727  	-0.0454  	-0.0417  	0.03707  	0.03823  	0.01444  	0.18500  	-0.0241  	0.03493  	0.00309  	-0.0111  	0.73580  	
0.28937  	0.12679  	-1.0226  	-0.2585  	0.27625  	-0.7396  	-0.2756  	0.17132  	0.27060  	-0.4039  	-0.0889  	0.63675  	0.06670  	-0.8210  	-1.2209  	-0.2229  	0.50106  	0.23657  	1.23365  	-0.1072  	-0.1311  	1.51321  	0.39819  	-0.2441  	0.15837  	0.28343  	0.15530  	-0.0121  	-0.7121  	0.26088  	0.18182  	0.20114  	0.05505  	-0.1483  	0.26263  	0.24572  	0.34079  	0.15719  	-0.4620  	0.06803  	0.26657  	0.03595  	-0.0458  	0.35327  	-0.0418  	-0.0462  	-0.0734  	0.16722  	0.13334  	-0.1807  	-0.0812  	-0.0614  	-0.0100  	-0.0048  	-0.0732  	0.04460  	-0.0148  	0.01407  	0.01926  	-0.0400  	-0.0396  	0.03884  	0.03414  	0.01322  	0.18671  	-0.0249  	0.03440  	0.00300  	-0.0109  	0.73139  	
0.34779  	0.12641  	-0.9686  	-0.3040  	0.22544  	-0.6780  	-0.2773  	0.17648  	0.28222  	-0.4592  	-0.1294  	0.60709  	0.08822  	-0.8048  	-1.2010  	-0.2439  	0.51197  	0.22612  	1.23340  	-0.1419  	-0.1357  	1.51684  	0.44843  	-0.2427  	0.13646  	0.28430  	0.15466  	-0.0366  	-0.7043  	0.25893  	0.18912  	0.19833  	0.05092  	-0.1537  	0.23244  	0.23111  	0.35759  	0.17406  	-0.4670  	0.04951  	0.28132  	0.02746  	-0.0205  	0.35647  	-0.0439  	-0.0453  	-0.0749  	0.17271  	0.13295  	-0.1790  	-0.0810  	-0.0618  	-0.0083  	-0.0118  	-0.0769  	0.04737  	-0.0196  	0.01446  	0.01536  	-0.0431  	-0.0397  	0.03628  	0.03180  	0.01569  	0.18800  	-0.0239  	0.03434  	0.00307  	-0.0105  	0.72303  	
0.39984  	0.15338  	-0.8607  	-0.3221  	0.22128  	-0.6255  	-0.2716  	0.20309  	0.30899  	-0.4148  	-0.2449  	0.58335  	0.08796  	-0.7957  	-1.1454  	-0.2003  	0.52536  	0.26031  	1.23323  	-0.1623  	-0.1583  	1.51744  	0.48026  	-0.2860  	0.09510  	0.29387  	0.09984  	-0.0250  	-0.6855  	0.23676  	0.19583  	0.18902  	0.05377  	-0.1373  	0.17272  	0.20367  	0.31509  	0.19075  	-0.4583  	0.05396  	0.34582  	-0.0028  	0.02060  	0.37323  	-0.0539  	-0.0435  	-0.0712  	0.18013  	0.13346  	-0.1839  	-0.0939  	-0.0631  	-0.0032  	-0.0123  	-0.0730  	0.03528  	-0.0233  	0.01781  	0.01007  	-0.0496  	-0.0417  	0.03689  	0.03936  	0.01636  	0.18851  	-0.0218  	0.03525  	0.00307  	-0.0094  	0.70323  	
0.44093  	0.17293  	-0.8385  	-0.3386  	0.21897  	-0.6031  	-0.2633  	0.19851  	0.30809  	-0.4268  	-0.2369  	0.56097  	0.07480  	-0.8430  	-1.1844  	-0.1854  	0.52254  	0.26886  	1.25233  	-0.1637  	-0.1484  	1.49691  	0.47624  	-0.2855  	0.08147  	0.29405  	0.12323  	-0.0295  	-0.7157  	0.23271  	0.19098  	0.20586  	0.05249  	-0.1432  	0.17870  	0.20636  	0.33981  	0.19569  	-0.4694  	0.05635  	0.35774  	0.00459  	0.02337  	0.38215  	-0.0564  	-0.0480  	-0.0718  	0.17763  	0.13462  	-0.1903  	-0.0952  	-0.0608  	-0.0026  	-0.0111  	-0.0768  	0.03485  	-0.0217  	0.01600  	0.00996  	-0.0552  	-0.0401  	0.04316  	0.03469  	0.01364  	0.18722  	-0.0189  	0.03606  	0.00362  	-0.0089  	0.69663  	
0.59735  	0.16989  	-0.8157  	-0.3432  	0.16900  	-0.5328  	-0.2703  	0.15784  	0.26657  	-0.4207  	-0.1033  	0.51616  	0.03905  	-0.9455  	-1.3225  	-0.0528  	0.49951  	0.23846  	1.25118  	-0.1671  	-0.0846  	1.48094  	0.45320  	-0.2342  	0.15413  	0.26923  	0.24408  	-0.1293  	-0.8414  	0.24262  	0.18050  	0.24626  	0.02471  	-0.1684  	0.27395  	0.28105  	0.43259  	0.20898  	-0.5110  	0.03848  	0.27189  	0.03294  	0.01031  	0.36238  	-0.0537  	-0.0413  	-0.0797  	0.17063  	0.13794  	-0.1800  	-0.0783  	-0.0616  	0.00071  	-0.0072  	-0.0719  	0.04778  	-0.0166  	0.01568  	0.01759  	-0.0505  	-0.0541  	0.03597  	0.03897  	0.01305  	0.18332  	-0.0150  	0.03763  	0.00481  	-0.0090  	0.70748  	
0.60382  	0.17070  	-0.7176  	-0.2664  	0.23373  	-0.6171  	-0.2438  	0.20787  	0.25364  	-0.3460  	-0.0910  	0.50870  	0.08777  	-1.0221  	-1.3434  	-0.0596  	0.55773  	0.08860  	1.31630  	-0.3816  	-0.1166  	1.27599  	0.09896  	-0.2270  	0.16325  	0.35412  	0.25085  	-0.1326  	-0.6868  	0.24182  	0.26347  	0.20929  	-0.0819  	-0.3377  	0.19550  	0.31333  	0.30897  	0.18687  	-0.5949  	-0.0389  	0.35558  	0.16100  	-0.1178  	0.45078  	-0.1078  	-0.0290  	-0.1045  	0.20533  	0.13125  	-0.2017  	-0.0634  	-0.0584  	0.00648  	0.00384  	-0.0629  	0.04226  	-0.0153  	0.00571  	0.01613  	-0.0381  	-0.0459  	0.02269  	0.02610  	0.01580  	0.17812  	-0.0130  	0.03983  	0.00531  	-0.0079  	0.70694  	
0.59204  	0.16690  	-0.6810  	-0.2059  	0.27925  	-0.6673  	-0.2700  	0.24167  	0.22458  	-0.3267  	-0.0713  	0.54392  	0.11633  	-1.0853  	-1.3153  	-0.0433  	0.61966  	-0.0362  	1.39197  	-0.6086  	-0.1084  	1.12293  	-0.1458  	-0.2076  	0.17266  	0.42657  	0.27482  	-0.1944  	-0.5849  	0.24339  	0.34255  	0.18299  	-0.1797  	-0.4673  	0.13137  	0.33361  	0.21654  	0.19865  	-0.6912  	-0.0823  	0.42157  	0.27459  	-0.2100  	0.52136  	-0.1594  	-0.0114  	-0.1323  	0.22850  	0.12449  	-0.2181  	-0.0569  	-0.0519  	0.00748  	0.01950  	-0.0513  	0.04083  	-0.0188  	-0.0034  	0.01856  	-0.0287  	-0.0416  	0.02051  	0.01135  	0.01512  	0.17331  	-0.0133  	0.04216  	0.00529  	-0.0066  	0.71201  	
0.51759  	0.17126  	-0.7670  	-0.2698  	0.24276  	-0.6281  	-0.2775  	0.20530  	0.20711  	-0.4208  	-0.1760  	0.49362  	0.10961  	-1.1217  	-1.2708  	-0.1347  	0.69010  	-0.0733  	1.41700  	-0.6878  	-0.1117  	1.07214  	-0.1613  	-0.2169  	0.16365  	0.45365  	0.26828  	-0.1938  	-0.5175  	0.26005  	0.37307  	0.18017  	-0.2157  	-0.4953  	0.06566  	0.34453  	0.17373  	0.19301  	-0.6872  	-0.0920  	0.45226  	0.29127  	-0.2255  	0.54078  	-0.1744  	-0.0079  	-0.1383  	0.21593  	0.11881  	-0.2241  	-0.0594  	-0.0552  	0.01018  	0.03395  	-0.0542  	0.04537  	-0.0200  	-0.0072  	0.02497  	-0.0222  	-0.0382  	0.02738  	0.00810  	0.01322  	0.16926  	-0.0158  	0.04383  	0.00493  	-0.0057  	0.72193  	
0.41127  	0.14916  	-0.8252  	-0.2694  	0.21171  	-0.6382  	-0.2940  	0.19124  	0.19423  	-0.4858  	-0.2561  	0.46107  	0.09531  	-1.0327  	-1.2638  	-0.2338  	0.71003  	-0.0528  	1.39050  	-0.6641  	-0.1089  	1.07672  	-0.0707  	-0.1513  	0.18345  	0.44705  	0.28308  	-0.1915  	-0.5443  	0.26115  	0.34276  	0.17958  	-0.2041  	-0.4758  	0.08064  	0.32555  	0.19455  	0.18821  	-0.6808  	-0.0822  	0.42194  	0.25917  	-0.2129  	0.52021  	-0.1663  	-0.0126  	-0.1327  	0.20275  	0.10763  	-0.2212  	-0.0648  	-0.0496  	0.00249  	0.02423  	-0.0553  	0.04222  	-0.0139  	-0.0046  	0.02692  	-0.0296  	-0.0464  	0.02398  	0.00785  	0.01628  	0.16685  	-0.0184  	0.04483  	0.00449  	-0.0044  	0.71537  	
0.37607  	0.14928  	-0.8729  	-0.2977  	0.17779  	-0.6221  	-0.2893  	0.16158  	0.21514  	-0.5203  	-0.2231  	0.45732  	0.06052  	-1.0164  	-1.1709  	-0.2728  	0.65831  	0.06591  	1.32847  	-0.4463  	-0.0482  	1.29220  	0.21603  	-0.1880  	0.17002  	0.37552  	0.26000  	-0.1608  	-0.6552  	0.24324  	0.27312  	0.20567  	-0.1126  	-0.3276  	0.14791  	0.27061  	0.30818  	0.20212  	-0.6049  	-0.0515  	0.36642  	0.15116  	-0.1323  	0.45140  	-0.1115  	-0.0333  	-0.1120  	0.18444  	0.12348  	-0.2078  	-0.0739  	-0.0585  	0.00365  	0.00780  	-0.0633  	0.04440  	-0.0134  	0.00761  	0.02699  	-0.0409  	-0.0438  	0.02504  	0.02446  	0.01501  	0.16489  	-0.0212  	0.04552  	0.00371  	-0.0025  	0.70347  	
0.50332  	0.15910  	-0.8163  	-0.1985  	0.22371  	-0.5207  	-0.2733  	0.12310  	0.23928  	-0.4558  	-0.2370  	0.48739  	0.04406  	-0.9005  	-1.1835  	-0.1321  	0.52491  	0.19297  	1.24649  	-0.1776  	-0.1106  	1.51829  	0.45641  	-0.1916  	0.22938  	0.26471  	0.28279  	-0.1216  	-0.7871  	0.27844  	0.13647  	0.26232  	0.00918  	-0.1518  	0.25060  	0.30035  	0.41091  	0.20992  	-0.5077  	0.05496  	0.27323  	0.02867  	-0.0178  	0.37880  	-0.0594  	-0.0516  	-0.0866  	0.17522  	0.14295  	-0.2051  	-0.0801  	-0.0646  	0.00249  	-0.0013  	-0.0722  	0.05348  	-0.0200  	0.01202  	0.02525  	-0.0413  	-0.0451  	0.02793  	0.03599  	0.01076  	0.16403  	-0.0239  	0.04513  	0.00285  	-0.0013  	0.69418  	
0.58177  	0.15673  	-0.7743  	-0.2087  	0.21906  	-0.5850  	-0.2557  	0.14220  	0.24626  	-0.3499  	-0.1131  	0.54520  	0.03574  	-0.9550  	-1.3844  	0.01102  	0.49270  	0.22135  	1.26247  	-0.1571  	-0.1715  	1.52409  	0.38608  	-0.1962  	0.24409  	0.24065  	0.27546  	-0.1027  	-0.7905  	0.27545  	0.13539  	0.26743  	0.00075  	-0.1815  	0.24686  	0.35057  	0.41097  	0.20534  	-0.4977  	0.05624  	0.27917  	0.02364  	0.00535  	0.37341  	-0.0543  	-0.0456  	-0.0821  	0.18788  	0.15048  	-0.1967  	-0.0724  	-0.0597  	0.00461  	-0.0065  	-0.0682  	0.04833  	-0.0159  	0.01480  	0.02266  	-0.0433  	-0.0500  	0.02850  	0.04132  	0.01222  	0.16420  	-0.0269  	0.04437  	0.00161  	-0.0010  	0.68471  	
0.55336  	0.16035  	-0.7969  	-0.3211  	0.20630  	-0.5989  	-0.2062  	0.12392  	0.26480  	-0.3158  	-0.1294  	0.52094  	0.03589  	-1.0012  	-1.4861  	-0.0050  	0.48757  	0.27425  	1.27212  	-0.1549  	-0.2424  	1.51396  	0.34849  	-0.2403  	0.28141  	0.23975  	0.27451  	-0.0423  	-0.7158  	0.28334  	0.13740  	0.26982  	-0.0073  	-0.1692  	0.21223  	0.38583  	0.36829  	0.20583  	-0.4570  	0.06056  	0.29783  	0.02412  	0.01571  	0.38540  	-0.0478  	-0.0510  	-0.0891  	0.18535  	0.15362  	-0.1966  	-0.0763  	-0.0619  	0.00868  	-0.0038  	-0.0635  	0.04049  	-0.0156  	0.01533  	0.02202  	-0.0447  	-0.0502  	0.02529  	0.04210  	0.01205  	0.16343  	-0.0288  	0.04383  	0.00019  	-0.0003  	0.67591  	
0.48004  	0.16544  	-0.8611  	-0.2793  	0.20365  	-0.5377  	-0.2565  	0.06743  	0.20778  	-0.4311  	-0.2580  	0.45022  	-0.0111  	-0.9760  	-1.4523  	-0.1123  	0.53970  	0.22643  	1.27784  	-0.1866  	-0.2083  	1.50435  	0.37848  	-0.1799  	0.33442  	0.24771  	0.31380  	-0.0345  	-0.6897  	0.32373  	0.10777  	0.26523  	-0.0415  	-0.1759  	0.21537  	0.40318  	0.37120  	0.19552  	-0.4552  	0.06669  	0.27488  	0.01954  	0.00048  	0.37662  	-0.0537  	-0.0474  	-0.0961  	0.17753  	0.14331  	-0.2030  	-0.0656  	-0.0663  	0.00034  	-0.0075  	-0.0685  	0.05013  	-0.0067  	0.02135  	0.02354  	-0.0461  	-0.0529  	0.02474  	0.04569  	0.01550  	0.16184  	-0.0304  	0.04386  	-0.0008  	0.00106  	0.65021  	
0.42635  	0.14225  	-0.8958  	-0.2455  	0.19980  	-0.5585  	-0.2571  	0.10335  	0.23727  	-0.4914  	-0.2928  	0.44852  	0.01742  	-0.8921  	-1.2968  	-0.2201  	0.55954  	0.23732  	1.25219  	-0.1808  	-0.1767  	1.51885  	0.41813  	-0.1785  	0.29661  	0.25256  	0.30115  	-0.0407  	-0.6830  	0.29388  	0.11821  	0.25947  	-0.0362  	-0.1663  	0.21139  	0.34547  	0.37309  	0.19602  	-0.4598  	0.05209  	0.28797  	0.02212  	-0.0004  	0.37062  	-0.0531  	-0.0577  	-0.0933  	0.17415  	0.13892  	-0.2053  	-0.0757  	-0.0624  	0.00935  	-0.0025  	-0.0660  	0.05414  	-0.0037  	0.01466  	0.02780  	-0.0451  	-0.0475  	0.03416  	0.03479  	0.02036  	0.15953  	-0.0317  	0.04399  	-0.0018  	0.00220  	0.63718  	
0.48809  	0.16963  	-0.8809  	-0.1254  	0.32260  	-0.5381  	-0.2549  	0.12910  	0.26544  	-0.4949  	-0.2914  	0.56090  	0.07362  	-0.8102  	-1.1321  	-0.2336  	0.54302  	0.22683  	1.23360  	-0.1405  	-0.1631  	1.53929  	0.39682  	-0.1960  	0.22900  	0.26584  	0.22035  	-0.0144  	-0.6873  	0.31053  	0.15137  	0.21858  	0.01852  	-0.1530  	0.25425  	0.29524  	0.32963  	0.16841  	-0.4625  	0.05236  	0.27368  	0.02955  	0.00079  	0.35353  	-0.0436  	-0.0430  	-0.0870  	0.18154  	0.14706  	-0.1893  	-0.0741  	-0.0653  	-0.0052  	-0.0117  	-0.0653  	0.05448  	-0.0113  	0.01806  	0.02168  	-0.0511  	-0.0484  	0.03683  	0.02779  	0.01502  	0.15664  	-0.0328  	0.04368  	-0.0019  	0.00232  	0.63857  	
0.31674  	0.13922  	-0.9247  	-0.2751  	0.26380  	-0.6673  	-0.2773  	0.13195  	0.27337  	-0.4217  	-0.1987  	0.59052  	0.06379  	-0.8116  	-1.1982  	-0.2356  	0.50033  	0.25036  	1.21977  	-0.1539  	-0.1950  	1.51845  	0.39136  	-0.2512  	0.19316  	0.27773  	0.15948  	-0.0308  	-0.7097  	0.27704  	0.18307  	0.18488  	0.04425  	-0.1459  	0.22902  	0.27742  	0.32227  	0.15674  	-0.4389  	0.06460  	0.27794  	0.03809  	-0.0165  	0.34595  	-0.0482  	-0.0500  	-0.0783  	0.17240  	0.13736  	-0.1801  	-0.0731  	-0.0630  	-0.0017  	-0.0086  	-0.0701  	0.04219  	-0.0149  	0.01947  	0.02007  	-0.0446  	-0.0448  	0.03393  	0.04458  	0.01975  	0.15416  	-0.0317  	0.04427  	-0.0015  	0.00208  	0.63987  	
0.30516  	0.08032  	-0.9301  	-0.5101  	0.06991  	-0.6430  	-0.2931  	0.11232  	0.27379  	-0.4101  	-0.0875  	0.46194  	0.00618  	-0.9827  	-1.3963  	-0.1714  	0.53503  	0.25033  	1.26494  	-0.1945  	-0.1428  	1.50927  	0.49603  	-0.2464  	0.19130  	0.29050  	0.16902  	-0.0756  	-0.7376  	0.25006  	0.20126  	0.22297  	-0.0064  	-0.1714  	0.14391  	0.28317  	0.37506  	0.18672  	-0.4858  	0.04320  	0.33661  	0.01624  	0.00236  	0.37000  	-0.0507  	-0.0556  	-0.0816  	0.17685  	0.12974  	-0.1824  	-0.0894  	-0.0625  	-0.0013  	-0.0046  	-0.0703  	0.04747  	-0.0119  	0.01232  	0.01746  	-0.0485  	-0.0422  	0.03771  	0.03948  	0.01820  	0.15398  	-0.0322  	0.04476  	-0.0019  	0.00249  	0.63785  	
0.47091  	0.13361  	-0.8832  	-0.4364  	0.09058  	-0.6162  	-0.2951  	0.10716  	0.23977  	-0.3687  	-0.1225  	0.53537  	0.01934  	-1.0734  	-1.5207  	-0.0675  	0.51514  	0.24885  	1.26698  	-0.1447  	-0.2278  	1.48551  	0.45489  	-0.2486  	0.16248  	0.29049  	0.18319  	-0.0534  	-0.7441  	0.25367  	0.18892  	0.23048  	0.00289  	-0.1603  	0.16398  	0.31709  	0.36723  	0.18309  	-0.4567  	0.07098  	0.31686  	0.01955  	0.02555  	0.37884  	-0.0556  	-0.0456  	-0.0760  	0.18061  	0.14296  	-0.1811  	-0.0870  	-0.0593  	-0.0049  	-0.0074  	-0.0698  	0.04028  	-0.0179  	0.01648  	0.01697  	-0.0538  	-0.0532  	0.02798  	0.04405  	0.01384  	0.15550  	-0.0319  	0.04511  	-0.0020  	0.00164  	0.64529  	
0.41784  	0.15082  	-0.7875  	-0.5044  	0.04692  	-0.6804  	-0.2383  	0.12598  	0.25471  	-0.3361  	-0.0465  	0.48445  	-0.0032  	-1.0088  	-1.5860  	-0.0224  	0.50845  	0.31946  	1.25427  	-0.1299  	-0.2105  	1.49358  	0.41618  	-0.2288  	0.16154  	0.27159  	0.12820  	-0.0799  	-0.7417  	0.23402  	0.17321  	0.24331  	0.01299  	-0.1763  	0.18171  	0.32921  	0.38031  	0.18254  	-0.4607  	0.06320  	0.33959  	0.02380  	0.00199  	0.37001  	-0.0492  	-0.0407  	-0.0832  	0.18900  	0.15078  	-0.1925  	-0.0874  	-0.0640  	0.00406  	-0.0042  	-0.0704  	0.03795  	-0.0202  	0.01576  	0.01154  	-0.0456  	-0.0503  	0.02831  	0.04554  	0.01643  	0.15826  	-0.0314  	0.04552  	-0.0024  	0.00077  	0.65634  	
0.22745  	0.11950  	-0.9212  	-0.6323  	0.04883  	-0.8073  	-0.2075  	0.07624  	0.26673  	-0.3114  	0.00484  	0.42079  	-0.0128  	-1.0176  	-1.6207  	-0.1223  	0.50312  	0.26318  	1.25874  	-0.1205  	-0.1577  	1.50734  	0.41946  	-0.1961  	0.15295  	0.28660  	0.18906  	-0.0985  	-0.7762  	0.24102  	0.17743  	0.23354  	0.01176  	-0.1481  	0.20360  	0.34915  	0.39425  	0.18425  	-0.5023  	0.03204  	0.33309  	0.01888  	-0.0145  	0.36082  	-0.0393  	-0.0530  	-0.0818  	0.17597  	0.15244  	-0.1801  	-0.0834  	-0.0676  	-0.0063  	-0.0024  	-0.0715  	0.04203  	-0.0272  	0.01987  	0.02039  	-0.0501  	-0.0483  	0.04273  	0.04208  	0.01146  	0.16114  	-0.0284  	0.04579  	-0.0025  	0.00032  	0.65158  	
-0.1468  	-0.0187  	-1.0997  	-0.9524  	-0.0767  	-1.0081  	-0.2765  	0.06478  	0.22448  	-0.3294  	0.19589  	0.34417  	-0.0118  	-0.9946  	-1.5697  	-0.3286  	0.54276  	0.19327  	1.26033  	-0.2041  	-0.0527  	1.49130  	0.55768  	-0.1323  	0.09120  	0.30911  	0.21003  	-0.2234  	-0.8560  	0.17719  	0.24122  	0.22546  	0.03391  	-0.1726  	0.21094  	0.24843  	0.43123  	0.19245  	-0.5179  	-0.0062  	0.30073  	0.03035  	-0.0549  	0.32735  	-0.0376  	-0.0480  	-0.0817  	0.15342  	0.13403  	-0.1781  	-0.1035  	-0.0640  	0.00102  	-0.0058  	-0.0711  	0.03560  	-0.0317  	0.01507  	0.02113  	-0.0402  	-0.0319  	0.05300  	0.03740  	0.01020  	0.16383  	-0.0261  	0.04641  	-0.0025  	0.00022  	0.63653  	
-0.0247  	0.07309  	-1.0143  	-0.8901  	-0.0598  	-0.9877  	-0.2415  	0.16137  	0.26129  	-0.2854  	0.27789  	0.39198  	0.01002  	-0.9304  	-1.5441  	-0.3713  	0.55537  	0.15533  	1.24687  	-0.1962  	0.01824  	1.48794  	0.55788  	-0.1068  	0.05001  	0.32203  	0.19636  	-0.2899  	-0.8962  	0.17050  	0.18874  	0.20865  	0.04048  	-0.1643  	0.21118  	0.19184  	0.49269  	0.17657  	-0.4796  	0.01572  	0.31140  	0.04297  	-0.0668  	0.33990  	-0.0481  	-0.0447  	-0.0768  	0.16175  	0.13266  	-0.1850  	-0.0986  	-0.0586  	-0.0049  	-0.0014  	-0.0832  	0.03741  	-0.0290  	0.01140  	0.01478  	-0.0497  	-0.0304  	0.05583  	0.03259  	0.01034  	0.16524  	-0.0229  	0.04669  	-0.0022  	-0.0002  	0.63658  	
0.24193  	0.17025  	-0.9170  	-0.7643  	-0.0540  	-0.8689  	-0.2796  	0.20231  	0.29451  	-0.2687  	0.05412  	0.43091  	0.09003  	-0.7999  	-1.3890  	-0.3203  	0.54521  	0.21617  	1.24905  	-0.1941  	0.05241  	1.48987  	0.53260  	-0.1060  	0.09565  	0.30653  	0.26079  	-0.3281  	-0.8335  	0.17219  	0.23297  	0.19305  	0.04732  	-0.1751  	0.21415  	0.17922  	0.41813  	0.17099  	-0.4931  	0.10702  	0.29462  	0.01926  	-0.0348  	0.35613  	-0.0514  	-0.0557  	-0.0825  	0.18223  	0.13306  	-0.1905  	-0.0761  	-0.0644  	-0.0153  	-0.0027  	-0.0820  	0.04431  	-0.0267  	-0.0006  	0.01750  	-0.0450  	-0.0456  	0.05588  	0.03164  	0.01614  	0.16471  	-0.0215  	0.04700  	-0.0018  	-0.0001  	0.64032  	
0.43379  	0.23627  	-0.7677  	-0.4795  	0.09471  	-0.6040  	-0.2338  	0.26274  	0.36610  	-0.3863  	-0.2282  	0.49684  	0.15855  	-0.6380  	-1.2481  	-0.2055  	0.51265  	0.22355  	1.25138  	-0.2191  	-0.0614  	1.53921  	0.55561  	-0.1789  	0.09894  	0.28386  	0.18989  	-0.2183  	-0.8101  	0.21165  	0.23505  	0.18556  	0.06768  	-0.1586  	0.18464  	0.16503  	0.42979  	0.16593  	-0.4856  	0.06918  	0.34069  	-0.0100  	0.00704  	0.38655  	-0.0693  	-0.0465  	-0.0819  	0.19567  	0.13654  	-0.1761  	-0.0790  	-0.0704  	-0.0127  	-0.0098  	-0.0802  	0.06331  	-0.0380  	0.00800  	0.02127  	-0.0457  	-0.0303  	0.04657  	0.01228  	0.01112  	0.16310  	-0.0203  	0.04731  	-0.0012  	0.00013  	0.64633  	
0.74360  	0.31646  	-0.6727  	-0.2788  	0.14247  	-0.4154  	-0.2631  	0.33705  	0.37943  	-0.4778  	-0.2799  	0.49914  	0.19643  	-0.5829  	-0.9735  	-0.1639  	0.55820  	0.17433  	1.27252  	-0.2632  	0.04542  	1.58703  	0.59799  	-0.2053  	0.08855  	0.27758  	0.23813  	-0.2947  	-0.8842  	0.24824  	0.22570  	0.22552  	0.07954  	-0.1745  	0.22669  	0.10520  	0.52385  	0.22032  	-0.5169  	0.04188  	0.32148  	-0.0133  	0.05427  	0.39223  	-0.0702  	-0.0470  	-0.0822  	0.20510  	0.15086  	-0.1921  	-0.1142  	-0.0624  	-0.0038  	-0.0072  	-0.0717  	0.05724  	-0.0425  	0.00347  	0.00999  	-0.0387  	-0.0329  	0.05255  	0.02261  	0.00879  	0.16041  	-0.0195  	0.04764  	-0.0005  	0.00068  	0.65462  	
0.88440  	0.32690  	-0.5772  	-0.2287  	0.09891  	-0.3398  	-0.2471  	0.39754  	0.38278  	-0.5334  	-0.1494  	0.51537  	0.12202  	-0.5883  	-0.9472  	-0.0830  	0.55258  	0.12566  	1.27541  	-0.2994  	0.19781  	1.59087  	0.59392  	-0.1460  	0.09201  	0.26686  	0.32799  	-0.4308  	-0.9884  	0.21657  	0.18713  	0.26943  	0.08103  	-0.1880  	0.32882  	0.10928  	0.61464  	0.26786  	-0.5576  	-0.0221  	0.28207  	0.01061  	0.04033  	0.37969  	-0.0651  	-0.0444  	-0.0744  	0.19422  	0.14801  	-0.1762  	-0.1101  	-0.0635  	0.00261  	0.00129  	-0.0721  	0.06449  	-0.0326  	0.01089  	0.00355  	-0.0365  	-0.0397  	0.05203  	0.02689  	0.01160  	0.15663  	-0.0189  	0.04798  	0.00036  	0.00146  	0.66517  	
0.90794  	0.32352  	-0.5394  	-0.2388  	0.06805  	-0.3552  	-0.2408  	0.41533  	0.40646  	-0.5585  	-0.0140  	0.51858  	0.08541  	-0.6045  	-0.9988  	-0.0261  	0.54818  	0.10052  	1.27028  	-0.3224  	0.28129  	1.54801  	0.59907  	-0.0911  	0.06395  	0.25072  	0.38710  	-0.4991  	-1.0911  	0.19625  	0.17079  	0.29872  	0.08151  	-0.1838  	0.39867  	0.08333  	0.68445  	0.30049  	-0.5917  	-0.0467  	0.25757  	0.01111  	0.01658  	0.36699  	-0.0613  	-0.0452  	-0.0813  	0.18562  	0.14559  	-0.1772  	-0.1103  	-0.0608  	0.00269  	0.00481  	-0.0731  	0.05896  	-0.0342  	0.01225  	0.00905  	-0.0379  	-0.0387  	0.04666  	0.03216  	0.01138  	0.15178  	-0.0185  	0.04833  	0.00141  	0.00247  	0.67799  	
0.89770  	0.32778  	-0.5346  	-0.2444  	0.05571  	-0.3264  	-0.2318  	0.43299  	0.41510  	-0.5851  	-0.0184  	0.51592  	0.10244  	-0.5716  	-0.9927  	-0.0158  	0.55059  	0.09207  	1.26966  	-0.3409  	0.30571  	1.55304  	0.59708  	-0.0675  	0.07077  	0.24855  	0.40599  	-0.5207  	-1.1174  	0.19590  	0.16747  	0.29987  	0.07513  	-0.1797  	0.42173  	0.07992  	0.69170  	0.30024  	-0.5900  	-0.0439  	0.25077  	0.01744  	0.00779  	0.36540  	-0.0617  	-0.0457  	-0.0846  	0.18546  	0.14641  	-0.1763  	-0.1032  	-0.0589  	0.00549  	0.00638  	-0.0768  	0.06185  	-0.0392  	0.01402  	0.00971  	-0.0357  	-0.0371  	0.04851  	0.03444  	0.01140  	0.14584  	-0.0185  	0.04868  	0.00261  	0.00371  	0.69308  	
